kroky 2 [620,354], [1305,634]
whine [622,47], [1299,356]
scare [896,638], [1299,1007]
howl [626,641], [895,1017]
    [999,366], [1292,628]

steps [602,60], [1291,333]
interior [593,367], [1278,617]
    [599,638], [955,1000]
woof [967,633], [1261,1002]



1
činely 1                [286,67], [546,366]
sklouznutí 2            [594,76], [747,403]
odchod 3                [294,471], [498,727]
rány 4                  [636,469], [919, 688]
Záhada 5                [1366,409], [1623,581]

2
zděšení 6               [351,500], [798,831]
přemýšlení 7            [1219,684], [1575,949]

3
zamykání 8              [508,155], [638,297]
chúze 9                 [824,175], [1580,586]
šplouch 10              [1036,666], [1222,968]

4
praskání ohně 11        [1005,222], [1371,410]
odezva 12               [340,406], [1045,958]
pádlování 13            [1058,604], [1567,982]

5
šplouch 14              [763,343], [1156,456]
leknutí 15              [342,478], [723,730]
jízda na lodi 16        [348,748], [980,948]

6
ozvěna 17               [939,111], [1547,447]
zmizení 18              [354,452], [1553,752]
běh po škole 19         [373,757], [676,976] && [765,792], [1012,937]

7
aaaa 21                 [379,112], [1531,372]
hop 22                  [772,621], [1052,956]
up 23                   [1147,624], [1469,951]

8
rozloučení 24           [455,369], [1486,721]